############## OUTPUT ###########

83 arabic essays and 74 non-arabic essays

ARABIC: 3254.144578313253 words per essay.
NON-ARABIC: 3703.689189189189 words per essay.

ARABIC: 2.2771084337349397 verbs in questions per essay.
NON-ARABIC: 1.6216216216216217 verbs in questions per essay.

ARABIC: 62.325301204819276 determiners per essay.
NON-ARABIC: 68.85135135135135 determiners per essay.


ARABIC GRADES:
[1.0, 5.0, 5.5, 6.0, 6.5, 6.5, 7.25, 7.25, 7.5, 7.75, 7.75, 7.75, 8.0, 8.5, 8.5, 8.75, 9.0, 9.0, 9.0, 9.0, 9.25, 9.25, 9.25, 9.25, 9.5, 9.5, 10.0, 10.0, 10.0, 10.0, 10.25, 10.25, 10.25, 10.25, 10.5, 10.75, 10.75, 10.75, 11.0, 11.0, 11.0, 11.0, 11.25, 11.25, 11.25, 11.5, 11.5, 11.5, 11.5, 11.75, 11.75, 11.75, 11.75, 12.0, 12.0, 12.0, 12.0, 12.25, 12.25, 12.25, 12.25, 12.25, 12.25, 12.25, 12.5, 12.5, 12.75, 12.75, 12.75, 12.75, 13.0, 13.1, 13.25, 13.5, 13.5, 13.5, 13.75, 13.75, 13.8, 14.0, 14.25, 14.3, 14.75]
Average: 10.6530120482

NON-ARABIC GRADES:
[6.75, 7.0, 7.5, 9.0, 9.25, 9.3, 9.3, 9.3, 9.75, 9.75, 9.75, 10.0, 10.0, 10.0, 10.25, 10.25, 10.25, 10.5, 10.5, 10.5, 10.6, 10.75, 10.75, 11.0, 11.0, 11.25, 11.25, 11.25, 11.25, 11.5, 11.5, 11.5, 11.75, 11.75, 11.75, 12.0, 12.25, 12.25, 12.3, 12.5, 12.5, 12.5, 12.5, 13.0, 13.0, 13.0, 13.25, 13.25, 13.25, 13.25, 13.5, 13.5, 13.5, 13.5, 13.75, 13.75, 13.75, 13.75, 14.0, 14.0, 14.0, 14.0, 14.25, 14.5, 14.5, 14.5, 14.5, 14.75, 14.75, 15.0, 15.0, 15.25, 15.5, 16.0]
Average 12.0547297297
